COMMA
1	0
2	0.022844611
3	5.893909627
4	8.32000731
5	8.242335633
6	6.391922146
7	5.564947229
8	5.473568785
9	4.970987344
10	4.710558779
11	4.14858135
12	3.828756796
13	3.289623978
14	3.120573857
15	2.887558825
16	2.508338283
17	2.517476127
18	2.508338283
19	2.330150318
20	2.078859597
21	1.987481153
22	1.73162151
23	1.562571389
24	1.352400969
25	1.25188468
26	1.078265637
27	1.018869649
28	0.941197971
29	0.927491205
30	0.922922283
31	0.662493718
32	0.731027551
33	0.575684196
34	0.571115274
35	0.56197743
36	0.415771919
37	0.529994974
38	0.351807009
39	0.287842098
40	0.315255631
41	0.283273176
42	0.315255631
43	0.137067666
44	0.246721798
45	0.191894732
46	0.242152876
47	0.18732581
48	0.150774432
49	0.095947366
50	0.118791977
51	0.114223055
52	0.091378444
53	0.123360899
54	0.077671677
55	0.063964911
56	0.086809522
57	0.091378444
58	0.050258144
59	0.045689222
60	0.077671677
61	0.077671677
62	0.0411203
63	0.031982455
64	0.027413533
65	0.0411203
66	0.018275689
67	0.031982455
68	0.009137844
69	0.036551378
70	0.004568922
71	0.022844611
72	0.045689222
73	0.027413533
74	0.018275689
75	0.013706767
76	0.004568922
77	0.009137844
78	0.018275689
79	0
80	0.022844611
81	0
82	0.004568922
83	0
84	0.022844611
85	0
86	0
87	0.018275689
88	0.009137844
89	0
90	0.009137844
91	0
92	0
93	0
94	0
95	0
96	0
97	0.009137844
98	0
99	0.004568922
100	0
PERIOD
1	0
2	0.097014925
3	1.828358209
4	3.537313433
5	3.037313433
6	3.895522388
7	4.514925373
8	4.708955224
9	4.5
10	3.895522388
11	3.514925373
12	3.141791045
13	3.305970149
14	2.649253731
15	2.731343284
16	2.634328358
17	2.380597015
18	2.335820896
19	2.470149254
20	2.425373134
21	2.037313433
22	2.097014925
23	2.104477612
24	2.067164179
25	1.865671642
26	1.559701493
27	1.850746269
28	1.365671642
29	1.455223881
30	1.514925373
31	1.186567164
32	1.104477612
33	1.373134328
34	1.201492537
35	0.895522388
36	0.932835821
37	0.985074627
38	0.97761194
39	0.947761194
40	0.791044776
41	0.798507463
42	0.76119403
43	0.768656716
44	0.671641791
45	0.656716418
46	0.686567164
47	0.641791045
48	0.656716418
49	0.432835821
50	0.470149254
51	0.350746269
52	0.425373134
53	0.440298507
54	0.343283582
55	0.328358209
56	0.388059701
57	0.298507463
58	0.253731343
59	0.208955224
60	0.201492537
61	0.21641791
62	0.276119403
63	0.23880597
64	0.141791045
65	0.164179104
66	0.149253731
67	0.231343284
68	0.186567164
69	0.156716418
70	0.156716418
71	0.186567164
72	0.097014925
73	0.097014925
74	0.141791045
75	0.074626866
76	0.104477612
77	0.119402985
78	0.052238806
79	0.082089552
80	0.067164179
81	0.082089552
82	0.044776119
83	0.082089552
84	0.059701493
85	0.059701493
86	0.059701493
87	0.082089552
88	0.02238806
89	0.02238806
90	0.037313433
91	0.044776119
92	0.059701493
93	0.02238806
94	0.037313433
95	0.044776119
96	0.037313433
97	0.014925373
98	0.029850746
99	0.029850746
100	0.029850746
